0x2237,0,
0,0,0,0,0,0,0,0,0,0,0,0,0,0,0,0,
0,0,0,0,0,0,0,0,0,0,0,0,0,0,0,0,
0,0x2242,0,0,0x2270,0,0x2243,0,0,0x226D,0x226C,0,0,0,0x226E,0x2234,
0,0,0,0,0,0,0,0,0x2231,0,0x226B,0,0,0,0,0x2244,
0x2A22,0x2A21,0x2A24,0x2A2A,0x2A23,0x2A29,0x2921,0x2A2E,0x2A32,0x2A31,0x2A34,0x2A33,0x2A40,0x2A3F,0x2A42,0x2A41,
0,0x2A50,0x2A52,0x2A51,0x2A54,0x2A58,0x2A53,0,0x292C,0x2A63,0x2A62,0x2A65,0x2A64,0x2A72,0x2930,0x294E,
0x2B22,0x2B21,0x2B24,0x2B2A,0x2B23,0x2B29,0x2941,0x2B2E,0x2B32,0x2B31,0x2B34,0x2B33,0x2B40,0x2B3F,0x2B42,0x2B41,
0x2943,0x2B50,0x2B52,0x2B51,0x2B54,0x2B58,0x2B53,0,0x294C,0x2B63,0x2B62,0x2B65,0x2B64,0x2B72,0x2950,0x2B73,
0x2A27,0x2B27,0x2A25,0x2B25,0x2A28,0x2B28,0x2A2B,0x2B2B,0x2A2C,0x2B2C,0x2A2F,0x2B2F,0x2A2D,0x2B2D,0x2A30,0x2B30,
0x2922,0x2942,0x2A37,0x2B37,0,0,0x2A36,0x2B36,0x2A38,0x2B38,0x2A35,0x2B35,0x2A3A,0x2B3A,0x2A3B,0x2B3B,
0x2A3D,0x2B3D,0x2A3C,0,0x2A3E,0x2B3E,0x2924,0x2944,0x2A47,0x2B47,0x2A45,0x2B45,0,0,0x2A46,0x2B46,
0x2A44,0x2945,0x2926,0x2946,0x2A48,0x2B48,0x2A49,0x2B49,0x2947,0x2A4A,0x2B4A,0x2A4C,0x2B4C,0x2A4B,0x2B4B,0x2929,
0x2949,0x2928,0x2948,0x2A4D,0x2B4D,0x2A4F,0x2B4F,0x2A4E,0x2B4E,0x294A,0x292B,0x294B,0x2A57,0x2B57,0,0,
0x2A56,0x2B56,0x292D,0x294D,0x2A59,0x2B59,0x2A5B,0x2B5B,0x2A5A,0x2B5A,0x2A5C,0x2B5C,0x2A5D,0x2B5D,0x2A5F,0x2B5F,
0x2A5E,0x2B5E,0x2A61,0x2B61,0x2A60,0x2B60,0x292F,0x294F,0x2A6C,0x2B6C,0x2A69,0x2B69,0x2A66,0x2B66,0x2A6B,0x2B6B,
0x2A68,0x2B68,0x2A6A,0x2B6A,0x2A71,0x2B71,0x2A74,0x2B74,0x2A73,0x2A75,0x2B75,0x2A77,0x2B77,0x2A76,0x2B76,0,
0,0,0,0,0,0,0,0,0,0,0,0,0,0,0,0,
0,0,0,0,0,0,0,0,0,0,0,0,0,0,0,0,
0,0,0,0,0,0,0,0,0,0,0,0,0,0,0,0,
0,0,0,0,0,0,0,0,0,0,0,0,0,0,0,0,
0,0,0,0,0,0,0,0,0,0,0,0,0,0x2A26,0x2B26,0x2A43,
0x2B43,0x2A55,0x2B55,0x2A67,0x2B67,0x2A70,0x2B70,0x2A6D,0x2B6D,0x2A6F,0x2B6F,0x2A6E,0x2B6E,0,0,0,
0,0,0,0,0,0,0,0,0,0,0,0,0,0,0,0,
0,0,0,0,0,0x2B39,0,0,0,0,0,0,0,0,0,0,
0,0,0,0,0,0,0,0,0,0,0,0,0,0,0,0,
0,0,0,0,0,0,0,0,0,0,0,0,0,0,0,0,
0,0,0,0,0,0,0,0,0,0,0,0,0,0,0,0,
0,0,0,0,0,0,0,0,0,0,0,0,0,0,0,0,
0,0,0,0,0,0,0,0,0,0,0,0,0,0,0,0,
0,0,0,0,0,0,0,0,0,0,0,0,0,0,0,0,
0,0,0,0,0,0,0,0,0,0,0,0,0,0,0,0,
0,0,0,0,0,0,0,0,0,0,0,0,0,0,0,0,
0,0,0,0,0,0,0,0,0,0,0,0,0,0,0,0,
0,0,0,0,0,0,0,0,0,0,0,0,0,0,0,0,
0,0,0,0,0,0,0,0,0,0,0,0,0,0,0,0,
0,0,0,0,0,0,0,0,0,0,0,0,0,0,0,0,
0,0,0,0,0,0,0,0x2230,0,0,0,0,0,0,0,0,
0,0,0,0,0,0,0,0,0x222F,0x2232,0x2236,0x2235,0,0x2233,0,0,
0,0,0,0,0,0,0,0,0,0,0,0,0,0,0,0,
0,0,0,0,0,0,0,0,0,0,0,0,0,0,0,0,
0,0,0,0,0,0,0,0,0,0,0,0,0,0,0,0,
0,0,0,0,0,0,0,0,0,0,0,0,0,0,0,0,
0,0,0,0,0,0,0,0,0,0,0,0,0,0,0,0,
0,0,0,0,0,0,0,0,0,0,0,0,0,0,0,0,
0,0,0,0,0,0,0,0,0,0,0,0,0,0,0,0,
0,0,0,0,0,0,0,0,0,0,0,0,0,0,0,0,
0,0,0,0,0,0,0,0,0,0,0,0,0,0,0,0,
0,0,0,0,0,0,0,0,0,0,0,0,0,0,0,0,
0,0,0,0,0x2238,0x2239,0x2661,0,0x2662,0x2663,0x2664,0,0x2667,0,0x2669,0x266C,
0x2676,0,0,0,0,0,0,0,0,0,0,0,0,0,0,0,
0,0,0,0,0,0,0,0,0,0,0x2665,0x266A,0x2671,0x2672,0x2673,0x2674,
0x267B,0,0,0,0,0,0,0,0,0,0,0,0,0,0,0,
0,0,0x2678,0,0,0,0,0,0,0,0x2675,0x267A,0x2677,0x2679,0x267C,0,
0,0,0,0,0,0,0,0,0,0,0,0,0,0,0,0,
0,0,0,0,0,0,0,0,0,0,0,0,0,0,0,0,
0,0,0,0,0,0,0,0,0,0,0,0,0,0,0,0,
0,0,0x2742,0x2743,0x2744,0x2745,0x2746,0x2747,0x2748,0x2749,0x274A,0x274B,0x274C,0,0x274D,0x274E,
0,0,0,0,0,0,0,0,0,0,0,0,0,0,0,0,
0,0,0,0,0,0,0,0,0,0,0,0,0,0,0,0,
0,0,0,0,0,0,0,0,0,0,0,0,0,0,0,0,
0,0,0,0,0,0,0,0,0,0,0,0,0,0,0,0,
0,0,0x2772,0x2773,0x2774,0x2775,0x2776,0x2777,0x2778,0x2779,0x277A,0x277B,0x277C,0,0x277D,0x277E