0x233E,0x233D,0,0,0,0,0,0,0,0,0,
0,0,0,0,0,0,0,0,0,0,0,0,0,0,0,0,
0,0,0,0,0,0,0,0,0,0,0,0,0,0,0,0,
0,0,0,0,0,0,0,0,0,0,0,0,0,0,0,0,
0,0,0,0,0,0,0,0,0,0,0,0,0,0,0,0,
0,0,0,0,0,0,0,0,0,0,0,0,0,0,0,0,
0,0,0,0,0,0,0,0,0,0,0,0,0,0,0,0,
0,0,0,0,0,0,0,0,0,0,0,0,0,0,0,0,
0,0,0,0,0,0,0,0,0,0,0,0,0,0,0,0,
0,0,0,0,0,0,0,0,0,0,0,0,0,0,0,0,
0,0,0,0,0,0,0,0,0,0,0,0,0,0,0,0,
0,0,0,0,0,0,0,0,0,0,0,0,0,0,0,0,
0,0x212A,0x2230,0x2174,0x2170,0x2173,0x2175,0x222F,0x214A,0x214B,0x2176,0x215C,0x2124,0x2231,0x2125,0x213F,
0x2330,0x2331,0x2332,0x2333,0x2334,0x2335,0x2336,0x2337,0x2338,0x2339,0x2127,0x2128,0x2163,0x2161,0x2164,0x2129,
0x2177,0x2341,0x2342,0x2343,0x2344,0x2345,0x2346,0x2347,0x2348,0x2349,0x234A,0x234B,0x234C,0x234D,0x234E,0x234F,
0x2350,0x2351,0x2352,0x2353,0x2354,0x2355,0x2356,0x2357,0x2358,0x2359,0x235A,0x214E,0x2140,0x214F,0x2130,0x2132,
0x212E,0x2361,0x2362,0x2363,0x2364,0x2365,0x2366,0x2367,0x2368,0x2369,0x236A,0x236B,0x236C,0x236D,0x236E,0x236F,
0x2370,0x2371,0x2372,0x2373,0x2374,0x2375,0x2376,0x2377,0x2378,0x2379,0x237A,0x2150,0x2143,0x2151,0x2232,0x2256,
0x2257,0,0,0,0,0,0,0,0,0,0,0,0,0,0,0,
0,0,0,0,0,0,0,0,0,0,0,0,0,0,0,0,
0,0,0,0,0,0,0,0,0,0,0,0,0,0,0,0,
0,0,0,0,0,0,0,0,0,0,0,0,0,0,0,0,
0,0,0,0,0,0,0,0,0,0,0,0,0,0,0,0,
0,0,0,0,0,0,0,0,0,0,0,0,0,0,0,0,
0,0,0,0,0,0,0,0,0,0,0,0,0,0,0,0,
0,0,0,0,0,0,0,0,0,0,0,0,0,0,0,0,
0,0,0,0x2131,0,0x216F