0x763B,0,0,
0,0,0,0,0,0,0,0,0x742E,0x754E,0,0,0,0,0,0,
0,0,0,0,0,0,0x7B4F,0,0,0,0,0,0,0,0,0,
0,0,0,0,0,0,0,0,0,0,0,0,0,0,0,0,
0,0,0,0,0,0,0,0,0,0,0,0,0,0,0,0,
0,0,0,0,0,0,0,0,0,0,0,0,0,0,0,0,
0x7649,0,0,0,0,0,0,0,0,0,0,0,0,0,0,0,
0,0,0,0,0,0,0,0,0,0,0,0,0,0,0,0,
0,0,0,0,0,0,0,0,0,0,0,0,0,0,0,0,
0,0,0,0,0,0,0,0,0,0,0,0,0,0,0,0,
0,0,0,0,0,0,0,0,0,0,0,0,0,0,0,0,
0,0,0,0,0,0,0,0,0,0,0,0,0,0,0,0,
0x7E24,0,0,0,0,0,0,0,0,0,0,0,0x7D5D,0,0,0,
0,0,0,0,0,0,0,0,0,0,0,0,0,0,0,0,
0,0,0,0,0,0,0,0,0,0,0,0,0,0,0,0,
0,0,0,0,0,0,0,0,0,0,0,0,0,0,0,0x2F4B,
0x2F57,0x4F72,0,0x12E79,0x757A,0x775A,0x776F,0,0,0x793C,0x793D,0x7941,0,0,0,0x7B3A,
0x17738,0x17745,0x7C2E,0,0x1796E,0,0x7C6A,0,0,0,0,0,0,0,0,0,
0x2E38,0x2E49,0x2E50,0x2E63,0x2E68,0x2E6E,0x2F2C,0x2F2F,0x2F36,0x2F5A,0x2F5E,0x4F61,0x4F62,0x7450,0x745C,0x745E,
0x7461,0x7528,0x752B,0x7543,0x7565,0x7669,0x7677,0x7725,0x7755,0x17029,0x7825,0x7927,0x7933,0x7934,0x7937,0x7938,
0x7939,0x793B,0x793F,0x7940,0x794D,0x7951,0x7964,0x7A2E,0x17450,0x7A33,0x7A3A,0x7A44,0x7A58,0x17574,0x17575,0x7B27,
0x7B6F,0x7B79,0x7C2F,0x7C30,0x7C38,0x7C3D,0x17969,0x7C59,0x7D63,0x7D76,0x7D7B