0x2821,0x282C,0x2822,0x282D,0,0,0,0,0,0,0,0,0x2823,0,0,0x282E,
0x2824,0,0,0x282F,0x2826,0,0,0x2831,0x2825,0,0,0x2830,0x2827,0x283C,0,0,
0x2837,0,0,0x2832,0x2829,0x283E,0,0,0x2839,0,0,0x2834,0x2828,0,0,0x2838,
0x283D,0,0,0x2833,0x282A,0,0,0x283A,0x283F,0,0,0x2835,0x282B,0,0,0x283B,
0,0,0x2840,0,0,0,0,0,0,0,0,0x2836,0,0,0,0,
0,0,0,0,0,0,0,0,0,0,0,0,0,0,0,0,
0,0,0,0,0,0,0,0,0,0,0,0,0,0,0,0,
0,0,0,0,0,0,0,0,0,0,0,0,0,0,0,0,
0,0,0,0,0,0,0,0,0,0,0,0,0,0,0,0,
0,0,0,0,0,0,0,0,0,0,0,0,0,0,0,0,
0x2223,0x2222,0,0,0,0,0,0,0,0,0,0,0,0,0,0,
0,0,0x2225,0x2224,0,0,0,0,0,0,0,0,0x2227,0x2226,0,0,
0,0,0,0,0,0,0x2221,0x217E,0,0,0,0x217B,0,0,0x217D,0x217C,
0,0,0,0,0,0,0,0,0,0,0,0,0,0,0,0,
0,0,0,0,0,0,0,0,0,0,0,0,0,0,0,0x227E,
0,0,0,0,0,0,0,0,0,0,0,0,0,0,0,0,
0,0,0,0,0,0x217A,0x2179,0,0,0,0,0,0,0,0,0,
0,0,0,0,0,0,0,0,0,0,0,0,0,0,0,0,
0,0,0,0,0,0,0,0,0,0,0,0,0,0,0,0,
0,0,0,0,0,0,0,0,0,0,0,0,0,0,0,0,
0x216A,0,0x2169,0,0,0,0,0,0,0,0,0,0,0,0,0,
0,0,0,0,0,0,0,0,0,0,0,0,0,0,0,0,
0,0,0,0,0,0,0,0,0,0,0x2276,0,0,0x2275,0,0x2274