0x2872,0x2873,
0,0,0,0,0,0,0,0,0,0,0,0,0,0,0,0,
0,0,0,0,0,0,0,0,0,0,0,0,0,0,0,0,
0,0,0,0,0,0,0,0,0,0,0,0,0,0,0,0,
0,0,0,0,0,0,0,0,0,0,0,0,0,0,0,0,
0,0,0,0,0,0,0,0,0,0,0,0,0,0,0,0,
0,0,0,0,0,0,0,0,0,0,0,0,0,0,0,0,
0,0,0,0,0,0,0,0,0,0,0,0,0,0,0,0,
0,0,0,0,0,0,0,0,0,0,0,0,0,0,0,0,
0,0,0,0,0,0,0,0,0,0,0,0,0,0,0,0,
0,0,0,0,0,0,0,0,0,0,0,0,0,0,0,0,
0,0,0,0,0,0,0,0,0,0,0,0,0,0,0,0,
0,0,0,0,0,0,0,0,0,0,0,0,0,0,0,0,
0,0,0,0,0,0,0,0,0,0,0,0,0,0,0,0,
0,0,0,0,0,0,0,0,0,0,0,0,0,0,0,0,
0,0,0,0,0,0,0,0,0,0,0,0,0,0,0,0,
0,0,0,0,0,0,0,0,0,0,0,0,0,0,0,0,
0,0,0,0,0,0,0,0,0,0,0,0,0,0,0,0,
0,0,0,0,0,0,0,0,0,0,0,0,0,0,0,0,
0,0,0,0,0,0,0,0,0,0,0,0,0,0,0,0,
0x2B46,0x2B47,0x2B50,0x2B51,0,0,0,0,0,0,0,0,0,0,0,0,
0,0,0,0,0,0,0,0,0,0,0,0,0,0,0,0,
0,0,0,0,0,0,0,0,0,0,0,0,0,0,0,0,
0,0,0,0,0,0,0,0,0,0,0,0,0,0,0,0,
0,0,0,0,0,0,0,0,0,0,0,0,0,0,0,0,
0,0,0,0,0,0,0,0,0,0,0,0,0,0,0,0,
0,0,0,0,0,0,0,0,0,0,0,0,0,0,0,0,
0,0,0,0,0,0,0,0,0,0,0,0,0,0,0,0,
0,0,0,0,0,0,0,0,0,0,0,0,0,0,0,0,
0,0,0,0,0,0,0,0,0,0,0,0,0,0,0,0,
0x213E,0,0,0x237C,0,0x213D,0x2142,0,0x2146,0x2147,0,0,0x2148,0x2149,0,0,
0x2277,0x2278,0x2340,0,0,0x2145,0x2144,0,0,0,0,0,0,0,0,0,
0x2273,0,0x216C,0x216D,0,0,0,0,0,0,0,0x2228,0x286B,0,0,0x2B58,
0,0,0x2C7E,0,0,0,0,0x286C,0x286D,0x286E,0,0,0,0,0,0,
0,0x2C7D,0,0,0,0,0,0,0,0,0,0,0,0,0,0,
0,0,0,0,0,0,0,0,0,0,0,0,0,0,0,0,
0,0,0,0,0,0,0,0,0,0,0,0,0,0,0,0,
0,0,0,0,0,0,0,0,0,0,0,0,0,0,0,0,
0,0,0,0,0,0,0,0,0,0,0,0,0,0,0,0,
0,0,0,0,0,0,0,0,0,0,0,0,0x2921,0,0,0,
0,0,0,0,0,0,0,0,0,0,0,0,0,0,0,0,
0,0,0,0,0,0,0,0,0,0,0,0,0,0,0,0,
0,0,0,0,0,0,0,0,0,0,0,0,0,0,0,0,
0,0,0,0,0,0,0,0,0,0,0,0,0,0,0,0,
0,0,0,0,0,0,0,0,0,0,0,0,0,0,0,0,
0,0,0,0x216E,0,0,0,0,0,0,0,0,0,0,0,0x235D,
0,0,0,0x235F,0,0,0x2D62,0,0,0,0,0,0,0,0,0,
0,0x2D64,0,0,0,0,0,0x2360,0,0,0,0x2272,0,0,0,0,
0,0,0,0,0,0x235C,0,0,0,0,0,0,0,0,0,0,
0,0,0,0,0,0,0,0,0,0,0,0,0,0,0,0,
0,0,0,0x2778,0x2779,0x277A,0,0,0,0,0,0,0,0,0,0,
0x2D35,0x2D36,0x2D37,0x2D38,0x2D39,0x2D3A,0x2D3B,0x2D3C,0x2D3D,0x2D3E,0x2D3F,0x2D57,0,0,0,0,
0x2C35,0x2C36,0x2C37,0x2C38,0x2C39,0x2C3A,0x2C3B,0x2C3C,0x2C3D,0x2C3E,0x2C3F,0x2C40,0,0,0,0,
0,0,0,0,0,0,0,0,0,0,0,0,0,0,0,0,
0x222B,0x222C,0x222A,0x222D,0x2271,0,0x2327,0x2325,0x2326,0x2328,0,0,0,0,0,0,
0,0,0,0,0,0,0,0,0,0,0,0,0,0,0,0,
0,0,0,0,0,0,0,0,0,0,0,0,0,0,0,0,
0,0,0,0,0x2329,0,0,0,0,0,0,0,0,0,0,0,
0,0,0x224D,0,0x224E,0,0,0,0,0,0,0,0,0,0,0,
0,0,0,0,0,0,0x232B,0x232C,0x232A,0x232D,0,0,0,0,0,0,
0,0,0,0,0,0,0,0,0,0,0,0,0,0,0,0,
0x224F,0,0x225F,0x2250,0,0x2247,0,0x2260,0x223A,0x2246,0,0x223B,0,0,0,0,
0,0,0x215D,0x235B,0,0,0,0,0,0,0x2265,0,0,0x2267,0x2167,0x2D78,
0x225C,0,0,0,0,0x2254,0x2255,0x224A,0x224B,0x2241,0x2240,0x2269,0x226A,0,0x2D73,0,
0,0,0,0,0x2168,0x2268,0,0,0,0,0,0,0,0x2266,0,0,
0,0,0,0x226C,0,0x226D,0,0,0x226E,0,0,0,0,0,0,0,
0,0,0x2262,0,0,0,0,0,0,0,0,0,0,0,0,0,
0x2162,0x2261,0x226B,0,0,0,0x2165,0x2166,0,0,0x2263,0x2264,0,0,0,0,
0,0,0,0,0,0,0x226F,0x2270,0,0,0,0,0,0,0,0,
0,0,0x223E,0x223F,0x2242,0x2243,0x223C,0x223D,0,0,0x2244,0x2245,0,0,0,0,
0,0,0,0,0,0x2251,0x2252,0x2253,0,0,0,0,0,0,0,0,
0,0,0,0,0,0x225D,0,0,0,0,0,0,0,0,0,0,
0,0,0,0,0,0,0,0,0,0,0,0,0,0,0,0x2D79,
0,0,0,0,0,0,0,0,0,0,0,0,0,0,0,0,
0,0,0,0,0,0,0,0,0,0,0x2776,0x2777,0,0,0,0,
0,0,0,0,0,0,0,0,0,0,0,0,0,0,0,0,
0,0,0,0,0,0,0,0,0,0,0,0,0,0,0,0,
0,0,0,0,0,0x2248,0x2249,0,0,0,0,0,0,0,0,0,
0,0,0x225E,0,0,0,0,0,0x277C,0,0,0,0,0,0,0,
0,0,0,0,0,0,0,0,0,0,0,0,0,0,0,0,
0,0,0,0,0,0,0,0,0,0,0,0,0,0,0,0,
0,0,0,0,0,0,0,0,0,0,0,0,0,0,0,0,
0,0,0,0,0,0,0,0,0,0,0,0,0,0,0,0,
0,0,0,0,0,0,0,0,0,0,0,0,0,0,0,0,
0,0,0,0,0,0,0,0,0,0,0,0,0,0,0,0,
0,0,0,0,0,0,0,0,0,0,0,0,0,0,0,0,
0,0,0,0,0,0,0,0,0,0,0,0,0,0,0,0,
0,0,0,0,0,0,0,0,0,0,0,0,0,0,0,0,
0,0,0,0,0,0,0,0,0,0,0,0,0,0,0x2742,0x2743,
0x2744,0x2745,0x2746,0x2747,0x2748,0x2749,0x274A,0x274B,0x274C,0x274D,0x274E,0x274F,0x2750,0,0x277E,0,
0,0,0,0,0,0,0,0,0,0,0,0,0,0,0,0,
0,0,0,0,0,0,0,0,0,0,0,0,0,0,0,0,
0,0,0,0,0,0,0,0,0,0,0,0,0,0,0,0,
0,0,0,0,0,0,0,0,0,0,0,0,0,0,0,0,
0,0,0,0,0,0,0,0,0,0,0,0,0,0,0,0,
0,0,0,0x277D,0,0,0,0,0,0,0,0,0,0,0,0,
0,0,0,0,0,0,0,0,0,0,0,0,0,0,0,0,
0,0,0,0,0,0,0,0,0,0,0,0,0,0,0,0,
0,0,0,0,0,0,0,0,0,0,0,0,0,0,0,0,
0x2D21,0x2D22,0x2D23,0x2D24,0x2D25,0x2D26,0x2D27,0x2D28,0x2D29,0x2D2A,0x2D2B,0x2D2C,0x2D2D,0x2D2E,0x2D2F,0x2D30,
0x2D31,0x2D32,0x2D33,0x2D34,0,0,0,0,0,0,0,0,0,0,0,0,
0,0,0,0,0,0,0,0,0,0,0,0,0,0,0,0,
0,0,0,0,0,0,0,0,0,0,0,0,0,0,0,0,
0,0,0,0,0,0,0,0,0,0,0,0,0,0,0,0,
0,0,0,0,0,0,0,0,0,0,0,0,0,0,0,0,
0,0,0,0,0,0,0,0,0,0,0,0,0,0,0,0,
0x2C41,0x2C42,0x2C43,0x2C44,0x2C45,0x2C46,0x2C47,0x2C48,0x2C49,0x2C4A,0x2C4B,0x2C4C,0x2C4D,0x2C4E,0x2C4F,0x2C50,
0x2C51,0x2C52,0x2C53,0x2C54,0x2C55,0x2C56,0x2C57,0x2C58,0x2C59,0x2C5A,0,0x2C2B,0x2C2C,0x2C2D,0x2C2E,0x2C2F,
0x2C30,0x2C31,0x2C32,0x2C33,0x2C34,0x265A,0x265B,0x265C,0x265D,0x265E,0x265F,0x2660,0x2661,0x2662,0x2663,0,
0x2821,0x282C,0x2822,0x282D,0,0,0,0,0,0,0,0,0x2823,0,0,0x282E,
0x2824,0,0,0x282F,0x2826,0,0,0x2831,0x2825,0,0,0x2830,0x2827,0x283C,0,0,
0x2837,0,0,0x2832,0x2829,0x283E,0,0,0x2839,0,0,0x2834,0x2828,0,0,0x2838,
0x283D,0,0,0x2833,0x282A,0,0,0x283A,0x283F,0,0,0x2835,0x282B,0,0,0x283B,
0,0,0x2840,0,0,0,0,0,0,0,0,0x2836,0,0,0,0,
0,0,0,0,0,0,0,0,0,0,0,0,0,0,0,0,
0,0,0,0,0,0,0,0,0,0,0,0,0,0,0,0,
0,0,0,0,0,0,0,0,0,0,0,0,0,0,0,0,
0,0,0,0,0,0,0,0,0,0,0,0,0,0,0,0,
0,0,0,0,0,0,0,0,0,0,0,0,0,0,0,0,
0x2223,0x2222,0,0,0,0,0,0,0,0,0,0,0,0,0,0,
0,0x266D,0x2225,0x2224,0,0,0x2322,0x2321,0,0,0,0,0x2227,0x2226,0,0,
0x2324,0x2323,0,0,0,0,0x2221,0x217E,0,0x233B,0,0x217B,0,0,0x217D,0x217C,
0x2867,0x2868,0x2869,0x286A,0,0,0,0,0,0,0,0,0,0,0,0,
0,0,0,0,0,0,0x233F,0,0,0,0,0,0,0,0,0x227E,
0,0,0,0,0,0,0,0,0,0,0,0,0,0,0,0,
0x2668,0x2669,0x266A,0x266B,0,0x217A,0x2179,0,0,0,0,0,0,0,0x2667,0,
0,0,0,0,0,0,0x2664,0x2665,0,0,0,0,0,0,0x2D7E,0,
0,0,0,0,0,0,0,0,0,0,0,0,0,0,0,0,
0,0,0,0,0,0,0,0,0,0,0,0,0,0,0,0,
0x216A,0,0x2169,0,0,0,0,0,0,0,0,0,0,0,0,0,
0,0,0,0,0,0,0,0,0,0,0,0,0,0,0,0,
0x263A,0x263D,0x263B,0x2640,0x2639,0x263E,0x263C,0x263F,0x266C,0x227D,0x2276,0x227B,0x227C,0x2275,0x227A,0x2274,
0,0,0,0,0,0,0,0,0,0,0,0,0,0,0,0,
0,0,0,0,0,0,0,0,0,0,0,0,0,0,0,0,
0,0,0,0,0,0,0,0,0,0,0,0,0,0,0,0,
0,0,0,0,0,0,0,0,0,0,0,0,0,0,0,0,
0,0,0,0,0,0,0,0,0,0,0,0,0,0,0,0,
0,0,0,0,0,0,0,0,0,0,0,0,0,0,0,0,
0,0,0,0,0,0,0,0,0,0,0,0,0,0,0,0,
0,0,0,0,0,0,0,0,0,0,0,0,0,0,0,0,
0,0,0,0,0,0,0,0,0,0,0,0,0,0,0,0,
0,0,0,0,0,0,0,0,0,0,0,0,0,0,0,0,
0,0,0,0x277B,0,0,0,0,0,0,0,0,0,0,0,0,
0,0,0,0,0,0,0,0,0,0,0,0,0,0,0,0,
0,0,0,0,0,0,0,0,0,0,0,0,0,0,0,0,
0,0,0,0,0,0,0,0,0,0,0,0,0,0,0,0,
0,0,0,0,0,0,0x2D7D,0,0,0,0,0,0,0,0,0,
0,0,0,0,0,0,0,0,0,0,0,0,0,0,0,0,
0,0,0,0,0,0,0x2C21,0x2C22,0x2C23,0x2C24,0x2C25,0x2C26,0x2C27,0x2C28,0x2C29,0x2C2A,
0,0,0,0,0,0,0,0,0,0,0,0,0,0,0,0,
0,0,0,0,0,0,0,0,0,0,0,0,0,0,0,0,
0,0,0,0,0,0,0,0,0,0,0,0,0,0,0,0,
0,0,0,0,0,0,0,0,0,0,0,0,0,0,0,0,
0,0,0,0,0,0,0,0,0,0,0,0,0,0,0,0,
0,0,0,0,0,0,0,0,0,0,0,0,0,0,0,0,
0,0,0,0,0,0,0,0,0,0,0,0,0,0,0,0,
0,0,0,0,0,0,0,0,0,0,0,0,0,0,0,0,
0,0,0,0,0,0,0,0,0,0,0,0,0,0,0,0,
0,0,0,0,0,0,0,0,0,0,0,0,0,0,0,0,
0,0,0,0,0,0,0,0,0,0,0,0,0,0,0,0,
0,0,0,0,0,0,0,0,0,0,0,0,0,0,0,0,
0,0,0,0,0,0,0,0,0,0,0,0,0,0,0,0,
0,0,0,0,0,0,0,0,0,0,0,0,0,0,0,0,
0,0,0,0,0,0,0,0,0,0,0,0,0,0,0,0,
0,0,0,0,0,0,0,0,0,0,0,0,0,0,0,0,
0,0,0,0,0,0,0,0,0,0,0,0,0,0,0,0,
0,0,0,0,0,0,0,0,0,0,0,0,0,0,0,0,
0,0,0,0,0,0,0,0,0,0,0,0,0,0,0,0,
0,0,0,0,0,0,0,0,0,0,0,0,0,0,0,0,
0,0,0,0,0,0,0,0,0,0,0,0,0,0,0,0,
0,0,0,0,0,0,0,0,0,0,0,0,0,0,0,0,
0,0,0,0,0,0,0,0,0,0,0,0,0,0,0,0,
0,0,0,0,0,0,0,0,0,0,0,0,0,0,0,0,
0,0,0,0,0,0,0,0,0,0,0,0,0,0,0,0,
0,0,0,0,0,0,0,0,0,0,0,0,0,0,0,0,
0,0,0,0,0,0,0,0,0,0,0,0,0,0,0,0,
0,0,0,0,0x232E,0x232F,0,0,0,0,0,0,0,0,0,0,
0,0,0,0,0,0,0,0,0,0,0,0,0,0,0,0,
0,0,0,0,0,0,0,0,0,0,0,0,0,0,0,0,
0,0,0,0,0,0,0,0,0,0,0,0,0,0,0,0,
0,0,0,0,0,0,0,0,0,0,0,0,0,0,0,0,
0,0,0,0,0,0,0,0,0,0,0,0,0,0,0,0,
0,0,0,0,0,0,0,0,0,0,0,0,0,0,0,0,
0,0,0,0,0,0,0,0,0,0,0,0,0,0,0,0,
0,0,0,0,0,0,0,0,0,0,0,0,0,0,0,0x233A,
0,0,0,0,0,0,0,0,0,0,0,0,0,0,0,0,
0,0,0,0,0,0,0,0,0,0,0,0,0,0,0,0,
0,0,0,0,0,0,0,0,0,0,0,0,0,0,0,0,
0,0,0,0,0,0,0,0,0,0,0x237D,0x237E